-0.00116656
0.531647
0.379214
0.206613
0.765231
0.296324
0.486026
0.663926
0.238679
0.830229
0.644211
0.927526
0.720198
0.643057
0.809265
1.20644
1.15982
1.06692
1.36188
1.06049
;
-0.554837
-0.00224795
-0.11351
-0.154831
0.355052
-0.0545125
0.146558
0.379227
0.0181472
0.546016
0.669607
0.932416
0.752849
0.752647
1.02072
1.43981
1.43939
1.35973
1.63778
1.55184
;
-0.420955
0.0735999
-0.0323725
-0.0881587
0.377663
0.000630311
0.179993
0.381648
0.0475705
0.531697
0.59908
0.838525
0.672975
0.661894
0.888743
1.26284
1.25592
1.18235
1.435
1.32713
;
-0.326478
0.0923675
7.75819e-05
-0.0546381
0.343641
0.0201637
0.171833
0.340005
0.0527327
0.467392
0.507288
0.71176
0.56963
0.555917
0.742846
1.05928
1.05082
0.987609
1.20309
1.09944
;
-0.638005
-0.188096
-0.262928
-0.250248
0.141519
-0.166121
-0.00095596
0.204685
-0.0624024
0.338569
0.545683
0.749222
0.61495
0.641634
0.89209
1.23572
1.25151
1.19227
1.40928
1.41555
;
-0.214742
0.150567
0.0641524
-0.000979964
0.355176
0.0633405
0.195077
0.335663
0.0749991
0.447486
0.44226
0.62452
0.496072
0.474021
0.624957
0.900041
0.886602
0.829356
1.02082
0.901759
;
-0.760807
-0.41886
-0.452398
-0.374145
-0.111009
-0.306579
-0.178891
0.00140641
-0.161745
0.100329
0.415478
0.554715
0.470333
0.530383
0.768427
1.03317
1.06906
1.03236
1.18341
1.30112
;
-0.297597
-0.0238912
-0.0770742
-0.0918767
0.157818
-0.0418878
0.0578838
0.17511
-0.000449201
0.257489
0.331728
0.460625
0.373142
0.376325
0.513042
0.720918
0.722684
0.683916
0.820492
0.787246
;
-0.544638
-0.24566
-0.285182
-0.246747
-0.00154714
-0.189256
-0.0785553
0.0685967
-0.0914649
0.156327
0.362946
0.491442
0.409942
0.445068
0.63236
0.862274
0.883213
0.847488
0.985625
1.03919
;
-0.607851
-0.386068
-0.398144
-0.318939
-0.162627
-0.273613
-0.189901
-0.0630095
-0.152307
-2.45006e-05
0.269781
0.353678
0.306276
0.361714
0.535881
0.709072
0.742253
0.7219
0.814113
0.93729
;
-0.946799
-0.917303
-0.845662
-0.619767
-0.707639
-0.602355
-0.584452
-0.492238
-0.379059
-0.492756
0.0382008
0.000836566
0.0499907
0.182186
0.35503
0.38928
0.468666
0.492079
0.460766
0.831635
;
-0.561643
-0.634615
-0.566219
-0.402861
-0.549862
-0.407762
-0.429351
-0.404839
-0.265467
-0.433385
-0.086722
-0.157003
-0.0926289
-0.00108359
0.0732608
0.0261428
0.0811672
0.110837
0.0421692
0.313426
;
-1.03922
-1.0406
-0.952303
-0.693405
-0.825251
-0.679975
-0.672341
-0.582389
-0.431212
-0.593494
0.00112006
-0.0578433
0.00924774
0.159245
0.338445
0.350879
0.440974
0.47256
0.419501
0.845697
;
-1.16742
-1.17586
-1.0747
-0.781627
-0.93697
-0.767702
-0.761581
-0.662834
-0.487502
-0.677461
-0.00707939
-0.0769841
0.00106758
0.170569
0.369726
0.378555
0.480368
0.517053
0.453631
0.936309
;
-0.857686
-1.04276
-0.917229
-0.643872
-0.945581
-0.663753
-0.722937
-0.710077
-0.438449
-0.776656
-0.221466
-0.367956
-0.240986
-0.0905031
8.54764e-05
-0.126758
-0.0362731
0.0218802
-0.123755
0.332201
;
-1.14877
-1.33174
-1.18219
-0.837126
-1.17316
-0.852826
-0.908987
-0.870101
-0.558114
-0.939015
-0.218145
-0.379828
-0.235035
-0.0428982
0.0986587
-0.0228477
0.0926541
0.159221
0.000100878
0.574024
;
-1.26336
-1.45293
-1.2918
-0.916094
-1.27342
-0.931399
-0.989012
-0.94236
-0.608556
-1.01451
-0.225817
-0.39743
-0.242729
-0.033118
0.12619
0.0012487
0.12725
0.198424
0.029884
0.654454
;
-1.14113
-1.40185
-1.23069
-0.862293
-1.2789
-0.891183
-0.975082
-0.962806
-0.589846
-1.05591
-0.312167
-0.514772
-0.340204
-0.137888
-0.0218755
-0.201434
-0.0797763
0.000121763
-0.201662
0.413181
;
-1.56037
-1.86561
-1.64624
-1.15914
-1.67503
-1.19001
-1.28648
-1.25259
-0.783539
-1.36389
-0.364868
-0.614641
-0.395895
-0.126689
0.0479199
-0.159391
0.00246701
0.102776
-0.144754
0.666931
;
-0.986529
-1.39113
-1.19186
-0.815225
-1.36333
-0.870369
-1.0067
-1.05589
-0.590375
-1.19232
-0.486551
-0.757021
-0.536345
-0.335436
-0.290976
-0.57979
-0.458902
-0.358568
-0.632242
0.000834425
;
